------------COLUMN-WISE DISPLAY----------------
1 7 13 19 25 31 2 8 14 20 26 32 3 9 15 21 27 33 4 10 16 22 28 34 5 11 17 23 29 35 6 12 18 24 30 36 

------------WAVE DISPLAY----------------
1 7 13 19 25 31 32 26 20 14 8 2 3 9 15 21 27 33 34 28 22 16 10 4 5 11 17 23 29 35 36 30 24 18 12 6 

------------SPIRAL DISPLAY----------------
1 7 13 19 25 31 32 33 34 35 36 30 24 18 12 6 5 4 3 2 8 14 20 26 27 28 29 23 17 11 10 9 15 21 22 16 

------------ANTI-CLOCKWISE ROTATION----------------
6 12 18 24 30 36 
5 11 17 23 29 35 
4 10 16 22 28 34 
3 9 15 21 27 33 
2 8 14 20 26 32 
1 7 13 19 25 31 

------------MATRIX MULTIPLICATION----------------
58 64 
139 154 
